0 -3 -1 -1 -11 -9 0 4 1 2 4 -8 13 -14 -12 -15
9 8 -11 2 -13 -9 15 -2 -1 -1 -6 0 -11 8 -9 -13
-10 13 0 14 0 11 -10 -1 6 3 6 -6 7 2 -15 14
-2 -7 0 0 -13 -1 1 12 13 8 -9 15 1 -10 9 1
8 5 2 13 6 9 -3 10 6 12 9 -11 15 3 7 11
12 -1 -3 6 -5 -15 4 14 7 -1 13 9 5 8 2 9
-1 1 12 2 -1 0 -8 -13 -2 -5 -14 -14 3 15 15 -12
-3 -5 -11 13 5 -9 -13 -5 5 7 -6 8 7 7 -15 -6
12 -12 8 14 1 11 4 -14 -1 -15 -3 -14 10 -6 -5 3
-9 3 7 12 -4 -4 11 5 2 11 -7 4 -2 8 13 1
5 13 14 9 12 0 11 -7 -11 -12 -9 -2 -1 -2 -7 13
5 -2 2 -4 -6 -12 0 -8 8 -2 1 -14 0 15 13 -9
-9 -7 2 15 -2 5 2 7 -8 3 -2 3 -10 4 -8 10
-9 -9 9 -14 -13 -9 10 -6 9 -9 13 -10 -15 -9 3 -6
-6 -14 10 11 -1 -9 -8 -7 -1 6 15 -15 -10 5 1 3
14 15 15 14 -15 10 6 -8 -8 -3 4 1 1 -12 4 -4